01, 79079765785, 79981679394, 1704067200, 1704067677
02, 79826977157, 79105019470, 1705363758, 1705367272
02, 79571901641, 79940402705, 1706430295, 1706432912
01, 79981679394, 79437938986, 1707514539, 1707516747
02, 79437938986, 79940402705, 1708553589, 1708554317
01, 79304297409, 79981679394, 1709876744, 1709879267
02, 79168034603, 79826977157, 1711041191, 1711043729
01, 79304297409, 79571901641, 1712242728, 1712243157
02, 79437938986, 79571901641, 1713673077, 1713676331
01, 79304297409, 79389821025, 1714941551, 1714942782
