01, 77777, 78881, 1704067200, 1704067510
02, 79879458535, 79211566637, 1705234719, 1705234879
01, 79998884535, 79787899878, 1706317320, 1706317440
01, 78987654321, 79551244554, 1706317320, 1706317380
02, 79445872030, 79337856541, 1707586256, 1707589856
01, 79448745230, 79642856541, 1708985661, 1708986261
02, 79940402704, 79304297409, 1710454553, 1710455092
02, 79571901641, 79105019470, 1711572013, 1711572238
01, 79304297409, 79105019470, 1712969736, 1712969898
01, 79571901641, 79079765784, 1714434842, 1714435288
